3

24 24
72
19 6
10 0
12 0
23 10
0 6
4 22
15 16
15 21
9 8
22 15
7 10
10 11
8 10
11 3
6 5
3 1
6 6
8 5
12 13
16 17
10 1
5 6
10 12
9 7
4 9
14 5
15 9
1 3
23 22
5 15
8 17
8 2
15 22
8 21
14 2
7 16
2 12
7 5
14 11
8 16
6 4
13 20
17 14
2 4
5 2
16 7
15 13
3 17
3 19
12 13
12 3
14 2
6 19
0 1
2 15
21 5
20 13
4 23
7 7
12 7
17 6
16 9
15 2
22 20
7 8
21 3
4 1
12 12
7 13
4 3
8 13
23 14
10 1

31 35
93
12 5
16 10
17 30
19 7
21 9
30 26
25 1
11 7
16 11
2 6
16 12
8 26
27 18
17 22
22 4
3 1
5 22
18 21
23 18
7 25
11 18
15 16
0 7
27 24
5 2
19 23
5 30
14 19
29 7
6 14
20 29
29 24
30 29
17 9
24 10
6 19
3 9
12 26
24 12
5 27
21 13
4 24
27 4
1 7
12 19
9 25
0 1
7 7
1 12
3 14
18 8
30 3
13 24
26 14
4 4
7 0
29 5
19 10
19 13
15 27
11 2
6 15
15 8
23 18
27 16
16 17
4 5
21 18
12 24
26 1
19 23
16 30
25 4
28 10
16 12
28 7
19 19
1 16
21 22
14 21
7 21
27 11
1 20
9 19
20 29
16 1
11 22
26 24
19 2
27 26
3 10
29 21
30 3
50 5

38 38
114
25 13
2 20
21 33
28 10
33 33
14 26
26 13
17 0
6 17
6 20
27 14
24 15
25 18
25 29
23 8
15 36
13 12
15 31
6 19
4 26
31 3
35 19
33 22
14 30
18 24
13 32
30 11
4 23
12 30
22 5
12 21
13 11
6 3
13 29
22 9
20 36
20 5
22 6
28 1
37 36
23 35
23 29
12 2
37 8
5 25
28 3
32 18
17 24
15 22
7 34
18 4
10 2
21 28
24 9
32 28
7 16
27 2
2 17
15 9
1 15
33 16
25 20
8 7
7 18
8 26
37 16
31 20
2 4
11 13
31 19
6 8
31 5
23 2
35 28
11 25
4 8
15 34
11 17
17 21
30 29
3 29
2 26
14 37
7 3
24 12
23 6
11 1
8 30
36 16
27 5
29 25
3 26
11 34
3 16
4 29
24 12
32 26
23 2
29 10
5 31
10 2
30 6
23 6
20 12
10 5
10 36
30 36
31 0
19 32
25 25
21 24
24 17
5 11
22 36
100 10