2

87 87
261
51 54
57 85
42 80
56 11
26 71
39 27
60 39
62 47
67 1
73 39
19 4
70 42
11 11
34 16
53 30
48 49
69 74
72 35
44 41
33 66
47 4
12 84
48 26
81 7
52 37
65 57
57 54
60 6
36 70
21 33
51 23
81 4
26 19
75 77
9 11
25 59
37 20
66 80
24 58
6 75
19 52
2 40
60 18
8 23
86 32
4 14
23 28
28 16
11 16
4 62
55 58
78 25
73 71
62 61
47 65
54 17
40 10
24 70
61 69
6 71
80 28
70 23
16 72
18 59
66 79
77 61
66 86
35 31
42 55
59 20
6 84
42 22
49 86
82 33
56 38
33 82
59 63
11 29
31 57
31 32
38 71
31 61
19 24
34 25
67 6
38 55
16 65
74 41
70 42
1 19
56 57
4 45
83 81
41 64
16 64
48 29
63 2
30 40
78 80
59 61
69 71
9 6
66 13
1 11
78 34
32 65
58 25
41 2
83 20
14 80
80 24
11 18
83 42
37 46
58 21
0 5
12 72
73 58
51 12
15 5
2 43
75 66
58 29
3 12
74 36
38 50
50 81
71 12
5 22
21 48
64 64
68 85
84 28
82 62
44 73
38 77
78 54
48 50
2 13
17 56
35 68
56 63
58 22
1 40
25 62
36 17
51 30
33 57
67 51
67 9
23 61
38 46
60 67
56 57
65 1
82 41
82 78
19 49
31 6
23 70
57 84
1 12
73 63
2 4
18 37
79 33
83 16
1 50
39 24
36 14
82 16
46 19
54 79
52 76
22 86
61 0
24 46
39 16
33 66
64 15
5 11
56 48
84 56
44 33
65 52
38 9
61 11
25 15
45 32
41 82
71 40
53 49
18 67
38 58
36 32
20 70
5 34
18 19
67 8
62 39
12 62
24 14
54 75
79 9
35 2
25 20
76 30
32 69
10 85
34 43
69 77
23 45
51 78
56 9
1 5
19 5
0 75
83 2
31 60
64 66
15 8
7 37
53 33
1 47
32 68
33 2
60 39
38 38
81 2
20 19
42 66
64 47
53 77
75 17
30 85
44 21
49 7
78 85
10 21
70 52
8 56
86 48
86 8
76 67
74 50
14 7
4 1
15 45
71 38
49 29
41 5
68 26
3 32
13 36
77 74
12 5
79 16
9 5
81 11
53 5
9 64
40 2

16 16
48
5 2
4 1
2 8
4 6
0 13
5 0
1 13
13 4
9 0
1 0
11 12
14 14
9 1
11 5
15 3
14 14
2 11
4 12
4 10
5 12
2 7
4 5
4 3
10 6
14 6
15 0
12 12
1 10
9 15
11 15
2 8
10 14
13 0
1 8
5 11
9 15
12 1
14 7
9 6
1 12
13 5
13 1
1 7
3 12
15 11
14 13
12 2
7 8
10 1