2

24 24
72
22 3
22 17
7 12
8 20
16 9
6 15
13 22
11 11
12 10
3 21
18 11
9 21
10 12
8 9
9 16
4 5
3 15
11 17
0 20
11 5
3 17
0 17
14 8
18 15
4 8
2 10
16 11
16 1
12 4
19 20
11 3
4 5
15 9
7 10
6 14
14 5
16 12
14 0
1 17
2 1
17 5
4 5
13 0
19 4
15 8
17 9
17 11
3 4
4 10
5 22
21 14
6 6
2 19
0 6
15 12
17 11
16 20
12 10
6 20
19 9
22 18
17 17
0 20
6 8
14 14
11 17
2 1
17 16
9 3
1 1
18 0
20 19
20 2

72 83
216
58 13
0 37
65 10
5 31
8 21
17 6
57 19
27 46
32 64
0 67
45 52
64 69
49 36
34 48
9 19
28 33
33 5
28 46
9 4
23 24
8 23
12 64
55 67
34 46
37 36
21 5
70 35
17 9
40 4
18 1
15 69
55 41
40 59
13 37
47 41
36 14
40 46
34 24
17 4
25 60
61 56
39 70
66 53
49 59
13 3
65 27
14 58
15 1
71 8
69 48
28 64
17 71
68 35
30 40
3 71
71 3
20 40
12 52
32 37
30 47
31 46
53 44
49 62
11 64
56 13
63 6
38 61
62 63
11 61
71 18
27 36
14 18
62 17
27 10
35 60
69 68
39 1
45 11
23 25
33 19
16 7
15 1
66 14
62 71
24 63
62 8
60 51
43 53
54 47
56 57
34 12
55 65
34 70
8 49
22 68
45 17
57 30
9 13
58 2
47 5
71 43
62 64
13 6
39 71
52 65
51 45
36 0
48 39
44 48
2 57
28 18
33 68
58 58
28 26
51 0
32 10
13 11
29 41
47 13
49 34
29 45
40 68
45 1
40 42
70 11
3 44
36 20
46 45
64 69
50 8
36 60
48 68
12 50
53 22
25 10
36 66
63 2
25 36
45 28
64 33
43 70
41 16
9 44
36 42
69 25
56 63
71 38
42 16
50 40
37 13
1 51
15 26
66 8
13 13
46 32
34 53
65 6
36 61
46 21
55 31
21 61
21 70
0 32
15 13
15 11
0 4
64 63
44 61
40 31
11 19
63 43
22 27
4 39
66 20
42 28
46 63
15 38
54 12
22 43
34 47
61 69
47 39
32 6
9 57
25 62
30 26
66 57
12 70
36 22
64 42
17 56
8 27
66 53
69 28
9 31
24 49
39 6
29 19
40 13
24 17
68 46
11 1
57 70
17 51
48 5
4 50
11 25
49 6
4 7
40 49
43 12
26 7
68 31
61 36
64 20
54 28
500 50